7482 input 1461025360427 1461025367909
 
3352 input 1461025373639 1461025376991
 
3334 input 1461025386843 1461025390177
 
1183 input2 1461025392227 1461025393410
 
2240 input 1461025400044 1461025402284
 
2246 input 1461025413253 1461025415499
 
2176 input 1461025426457 1461025428633
 
1135 input2 1461025437232 1461025438367
 
2161 input 1461025439660 1461025441821
 
2197 input 1461025452865 1461025455062
 
3171 input 1461025466068 1461025469239
 
2129 input 1461025479272 1461025481401
 
1093 input2 1461025482236 1461025483329
 
2187 input 1461025492477 1461025494664
 
2124 input 1461025505680 1461025507804
 
2141 input 1461025518884 1461025521025
 
1088 input2 1461025527241 1461025528329
 
2129 input 1461025532088 1461025534217
 
2177 input 1461025545293 1461025547470
 
2162 input 1461025558496 1461025560658
 
3341 input2 1461025572257 1461025575598
 
3901 input2 1461025571700 1461025575601
 
1106 input 1461025584904 1461025586010
 
1109 input 1461025598108 1461025599217
 
1193 input 1461025611311 1461025612504
 
1111 input2 1461025617259 1461025618370
 
1158 input 1461025624518 1461025625676
 
1100 input 1461025637721 1461025638821
 
1115 input 1461025650925 1461025652040
 
2093 input3 1461025659227 1461025661320
 
1074 input2 1461025662267 1461025663341
 
1091 input 1461025664130 1461025665221
 
2110 input 1461025677333 1461025679443
 
1090 input 1461025690536 1461025691626
 
1214 input 1461025703741 1461025704955
 
1081 input2 1461025707273 1461025708354
 
1184 input 1461025716944 1461025718128
 
1095 input 1461025730148 1461025731243
 
1126 input 1461025743352 1461025744478
 
1082 input2 1461025752278 1461025753360
 
1089 input 1461025756557 1461025757646
 
1087 input 1461025769761 1461025770848
 
1088 input 1461025782965 1461025784053
 
1097 input 1461025796169 1461025797266
 
1075 input2 1461025797281 1461025798356
 
1118 input 1461025809372 1461025810490
 
1091 input 1461025822577 1461025823668
 
1087 input 1461025835781 1461025836868
 
1082 input2 1461025842284 1461025843366
 
1208 input 1461025848984 1461025850192
 
1082 input 1461025862187 1461025863269
 
1091 input 1461025875392 1461025876483
 
1077 input2 1461025887289 1461025888366
 
1099 input 1461025888597 1461025889696
 
1086 input 1461025901800 1461025902886
 
1096 input 1461025915002 1461025916098
 
1088 input 1461025928207 1461025929295
 
1073 input2 1461025932293 1461025933366
 
1081 input 1461025941412 1461025942493
 
1089 input 1461025954617 1461025955706
 
1190 input 1461025967820 1461025969010
 
2082 input3 1461025971233 1461025973315
 
1078 input2 1461025977297 1461025978375
 
1084 input 1461025981024 1461025982108
 
1093 input 1461025994228 1461025995321
 
1094 input 1461026007433 1461026008527
 
1116 input 1461026020637 1461026021753
 
1069 input2 1461026022301 1461026023370
 
1095 input 1461026033841 1461026034936
 
1099 input 1461026047045 1461026048144
 
1115 input 1461026060249 1461026061364
 
1083 input2 1461026067305 1461026068388
 
1080 input 1461026073453 1461026074533
 
1080 input 1461026086656 1461026087736
 
1080 input 1461026099861 1461026100941
 
1076 input 1461026112309 1461026113385
 
1083 input 1461026113065 1461026114148
 
1084 input 1461026126269 1461026127353
 
1087 input 1461026139472 1461026140559
 
1080 input 1461026152676 1461026153756
 
1075 input2 1461026157312 1461026158387
 
1078 input 1461026165881 1461026166959
 
1086 input 1461026179084 1461026180170
 
1079 input 1461026192289 1461026193368
 
1075 input2 1461026202317 1461026203392
 
1078 input 1461026205492 1461026206570
 
1079 input 1461026218694 1461026219773
 
1097 input 1461026231899 1461026232996
 
1098 input 1461026245101 1461026246199
 
1073 input2 1461026247320 1461026248393
 
1094 input 1461026258305 1461026259399
 
1079 input 1461026271509 1461026272588
 
1448 input 1461026284734 1461026286182
 
3099 input 1461026283237 1461026286336
 
1175 input2 1461026292324 1461026293499
 
2184 input 1461026297936 1461026300120
 
1084 input 1461026311140 1461026312224
 
1086 input 1461026324343 1461026325429
 
1122 input 1461026337332 1461026338454
 
1186 input 1461026337548 1461026338734
 
1080 input 1461026350753 1461026351833
 
1081 input 1461026363956 1461026365037
 
1085 input 1461026377160 1461026378245
 
1076 input2 1461026382336 1461026383412
 
1079 input 1461026390367 1461026391446
 
1078 input 1461026403572 1461026404650
 
1077 input 1461026416777 1461026417854
 
1076 input2 1461026427338 1461026428414
 
1080 input 1461026429980 1461026431060
 
1075 input 1461026443184 1461026444259
 
1082 input 1461026456388 1461026457470
 
1080 input 1461026469591 1461026470671
 
1072 input2 1461026472344 1461026473416
 
1078 input 1461026482796 1461026483874
 
1077 input 1461026496001 1461026497078
 
1078 input 1461026509205 1461026510283
 
1074 input2 1461026517348 1461026518422
 
1076 input 1461026522408 1461026523484
 
1085 input 1461026535613 1461026536698
 
1078 input 1461026548817 1461026549895
 
1310 input2 1461026562361 1461026563671
 
2125 input2 1461026562020 1461026564145
 
1080 input 1461026575224 1461026576304
 
1076 input 1461026588429 1461026589505
 
2129 input3 1461026595241 1461026597370
 
1079 input 1461026601632 1461026602711
 
1072 input2 1461026607365 1461026608437
 
1084 input 1461026614836 1461026615920
 
1095 input 1461026628041 1461026629136
 
1077 input 1461026641244 1461026642321
 
1075 input2 1461026652367 1461026653442
 
1075 input 1461026654449 1461026655524
 
1080 input 1461026667652 1461026668732
 
1076 input 1461026680856 1461026681932
 
2089 input 1461026694059 1461026696148
 
1080 input2 1461026697373 1461026698453
 
1075 input 1461026707266 1461026708341
 
1078 input 1461026720469 1461026721547
 
1078 input 1461026733673 1461026734751
 
1075 input2 1461026742376 1461026743451
 
1078 input 1461026746876 1461026747954
 
1082 input 1461026760081 1461026761163
 
1076 input 1461026773285 1461026774361
 
1077 input2 1461026786488 1461026787565
 
1072 input2 1461026787381 1461026788453
 
1179 input 1461026799693 1461026800872
 
1079 input 1461026812896 1461026813975
 
1087 input 1461026826100 1461026827187
 
1073 input2 1461026832385 1461026833458
 
1075 input 1461026839304 1461026840379
 
1078 input 1461026852507 1461026853585
 
1082 input 1461026865711 1461026866793
 
1077 input2 1461026877389 1461026878466
 
1075 input 1461026878917 1461026879992
 
1079 input 1461026892120 1461026893199
 
1117 input 1461026905326 1461026906443
 
2133 input3 1461026907245 1461026909378
 
1074 input 1461026918528 1461026919602
 
1083 input2 1461026922392 1461026923475
 
1075 input 1461026931733 1461026932808
 
1081 input 1461026944936 1461026946017
 
1083 input 1461026958141 1461026959224
 
1069 input2 1461026967397 1461026968466
 
1076 input 1461026971345 1461026972421
 
1078 input 1461026984548 1461026985626
 
1076 input 1461026997753 1461026998829
 
1076 input 1461027010956 1461027012032
 
1070 input2 1461027012400 1461027013470
 
1079 input 1461027024158 1461027025237
 
1076 input 1461027037364 1461027038440
 
1095 input 1461027050568 1461027051663
 
1073 input2 1461027057403 1461027058476
 
1123 input 1461027063772 1461027064895
 
1076 input 1461027076977 1461027078053
 
1075 input 1461027090180 1461027091255
 
1168 input 1461027102408 1461027103576
 
1080 input 1461027103384 1461027104464
 
1077 input 1461027116589 1461027117666
 
1080 input 1461027129793 1461027130873
 
1078 input 1461027142996 1461027144074
 
1070 input2 1461027147413 1461027148483
 
1078 input 1461027156201 1461027157279
 
1077 input 1461027169405 1461027170482
 
1079 input 1461027182609 1461027183688
 
1077 input2 1461027192416 1461027193493
 
1075 input 1461027195813 1461027196888
 
1079 input 1461027209016 1461027210095
 
2128 input3 1461027219247 1461027221375
 
1076 input 1461027222220 1461027223296
 
1077 input 1461027235424 1461027236501
 
1069 input2 1461027237421 1461027238490
 
1085 input 1461027248629 1461027249714
 
1080 input 1461027261832 1461027262912
 
1088 input 1461027275036 1461027276124
 
1072 input2 1461027282425 1461027283497
 
1078 input 1461027288241 1461027289319
 
1075 input 1461027301445 1461027302520
 
1079 input 1461027314649 1461027315728
 
1078 input 1461027327429 1461027328507
 
1073 input 1461027327853 1461027328926
 
1078 input 1461027341057 1461027342135
 
1077 input 1461027354261 1461027355338
 
1078 input 1461027367465 1461027368543
 
1073 input2 1461027372432 1461027373505
 
1075 input 1461027380669 1461027381744
 
1079 input 1461027393873 1461027394952
 
1076 input 1461027407077 1461027408153
 
1074 input2 1461027417435 1461027418509
 
1076 input 1461027420281 1461027421357
 
1078 input 1461027433483 1461027434561
 
1077 input 1461027446688 1461027447765
 
1077 input 1461027459892 1461027460969
 
1092 input2 1461027462438 1461027463530
 
1085 input 1461027473097 1461027474182
 
1083 input 1461027486301 1461027487384
 
1075 input 1461027499505 1461027500580
 
1073 input2 1461027507441 1461027508514
 
1074 input 1461027512709 1461027513783
 
1075 input 1461027525913 1461027526988
 
2093 input3 1461027531251 1461027533344
 
1080 input 1461027539116 1461027540196
 
1233 input2 1461027552444 1461027553677
 
2077 input2 1461027552321 1461027554398
 
1079 input 1461027565524 1461027566603
 
1075 input 1461027578727 1461027579802
 
1076 input 1461027591932 1461027593008
 
1074 input2 1461027597449 1461027598523
 
1079 input 1461027605137 1461027606216
 
1077 input 1461027618341 1461027619418
 
1081 input 1461027631544 1461027632625
 
1100 input2 1461027642452 1461027643552
 
1102 input 1461027644749 1461027645851
 
1119 input 1461027657952 1461027659071
 
1093 input 1461027671157 1461027672250
 
1075 input 1461027684360 1461027685435
 
1070 input2 1461027687456 1461027688526
 
1110 input 1461027697564 1461027698674
 
1085 input 1461027710767 1461027711852
 
1079 input 1461027723969 1461027725048
 
1070 input2 1461027732460 1461027733530
 
1103 input 1461027737172 1461027738275
 
1094 input 1461027750377 1461027751471
 
1075 input 1461027763580 1461027764655
 
2150 input2 1461027776783 1461027778933
 
1481 input2 1461027777464 1461027778945
 
1076 input 1461027789988 1461027791064
 
1075 input 1461027803192 1461027804267
 
1075 input 1461027816396 1461027817471
 
1068 input2 1461027822469 1461027823537
 
1077 input 1461027829600 1461027830677
 
2077 input3 1461027842804 1461027844881
 
3242 input3 1461027843256 1461027846498
 
1079 input 1461027856009 1461027857088
 
1143 input2 1461027867473 1461027868616
 
1091 input 1461027869213 1461027870304
 
1081 input 1461027882416 1461027883497
 
1079 input 1461027895621 1461027896700
 
1078 input 1461027908824 1461027909902
 
1069 input2 1461027912475 1461027913544
 
1077 input 1461027922029 1461027923106
 
1085 input 1461027935233 1461027936318
 
1078 input 1461027948437 1461027949515
 
1070 input2 1461027957480 1461027958550
 
1075 input 1461027961640 1461027962715
 
1080 input 1461027974842 1461027975922
 
1082 input 1461027988049 1461027989131
 
1077 input 1461028001252 1461028002329
 
1096 input2 1461028002484 1461028003580
 
1095 input 1461028014457 1461028015552
 
1077 input 1461028027661 1461028028738
 
1134 input 1461028040864 1461028041998
 
1072 input2 1461028047489 1461028048561
 
1080 input 1461028054067 1461028055147
 
1077 input 1461028067273 1461028068350
 
1077 input 1461028080477 1461028081554
 
1073 input2 1461028092492 1461028093565
 
1090 input 1461028093679 1461028094769
 
1076 input 1461028106885 1461028107961
 
1081 input 1461028120089 1461028121170
 
1077 input 1461028133292 1461028134369
 
1069 input2 1461028137497 1461028138566
 
1075 input 1461028146497 1461028147572
 
2100 input3 1461028155261 1461028157361
 
1077 input 1461028159701 1461028160778
 
1075 input 1461028172905 1461028173980
 
1068 input2 1461028182500 1461028183568
 
1078 input 1461028186108 1461028187186
 
1075 input 1461028199312 1461028200387
 
1078 input 1461028212516 1461028213594
 
1090 input 1461028225720 1461028226810
 
1071 input2 1461028227504 1461028228575
 
1094 input 1461028238925 1461028240019
 
1083 input 1461028252129 1461028253212
 
1074 input 1461028265336 1461028266410
 
1070 input2 1461028272507 1461028273577
 
1074 input 1461028278541 1461028279615
 
1075 input 1461028291744 1461028292819
